50
5 2
4 3
3 4
1 1 0 0 0
1 1 0 0 0
1 1 1 1 1
1 1 1 0 1
1 1 1 1 1
8 2
5 6
6 4
1 1 1 1 1 1 0 0
1 1 1 1 1 1 1 0
1 1 0 1 0 1 1 0
1 1 1 1 0 1 1 0
1 1 1 1 1 1 1 0
1 1 1 1 1 1 1 0
0 0 0 0 0 0 0 0
0 0 0 0 0 0 0 0
10 3
8 2
5 3
7 1
0 0 0 1 1 1 1 1 1 0
1 1 1 1 1 1 1 1 1 0
1 0 0 1 0 0 0 0 1 0
1 1 1 1 1 1 1 1 1 1
1 1 1 1 0 1 0 0 1 1
1 1 1 1 0 1 0 0 1 1
1 1 1 1 0 1 0 0 1 1
1 1 1 1 1 1 1 1 1 1
1 1 1 0 0 1 0 0 1 1
1 1 1 1 1 1 1 1 1 1
8 3
1 2
2 8
5 8
0 1 0 0 0 0 0 0
0 1 0 1 1 1 1 1
0 1 0 1 0 0 0 1
0 1 1 1 0 0 0 1
0 1 0 1 0 0 0 1
0 1 0 1 1 1 1 1
0 1 0 0 1 0 0 0
0 1 0 0 1 0 0 0
10 4
9 6
1 9
7 5
6 6
1 1 1 1 1 0 0 1 1 1 
1 1 0 1 1 1 1 0 0 0 
0 1 0 1 1 0 1 1 1 1 
0 1 0 0 1 1 1 1 0 1 
0 1 0 0 1 0 1 1 1 1 
1 1 0 0 1 1 0 1 1 1 
1 1 0 0 1 1 1 1 1 1 
0 1 0 1 1 0 0 0 1 0 
1 0 1 0 1 1 1 1 1 0 
0 1 1 1 1 1 0 0 1 0 
10 3
10 4
6 7
4 5
0 0 1 0 0 0 1 0 1 0 
1 1 0 1 1 1 1 1 0 1 
1 1 0 1 1 0 1 1 0 0 
1 1 1 1 1 0 1 1 1 1 
0 1 0 1 0 1 1 1 0 1 
1 0 1 0 1 1 1 1 1 1 
0 0 0 0 0 1 1 0 1 1 
0 1 0 1 1 1 1 1 0 1 
1 0 0 1 1 1 1 1 1 0 
1 1 1 1 1 0 1 1 0 1 
10 3
8 8
6 9
7 8
0 1 1 1 0 0 0 0 1 1 
1 1 1 1 1 0 0 1 1 1 
1 1 1 1 1 0 1 1 0 1 
0 1 0 0 1 1 1 1 1 1 
0 0 0 1 0 1 0 1 1 1 
0 1 1 1 1 1 1 0 1 1 
0 0 0 0 1 1 1 1 1 1 
1 0 0 1 1 1 0 1 1 1 
0 1 0 1 1 1 1 1 1 1 
0 1 0 1 0 1 1 1 1 1 
10 3
5 2
8 2
4 6
1 1 1 0 0 1 1 1 1 1 
1 1 0 1 0 1 1 1 1 0 
1 1 0 1 1 1 0 1 1 1 
0 1 1 1 1 1 0 0 0 1 
0 1 1 0 1 0 1 1 1 1 
1 1 0 1 1 1 1 1 1 0 
0 1 0 1 1 1 1 1 0 1 
1 1 1 1 1 1 0 1 1 1 
1 1 1 0 1 1 1 1 1 0 
1 0 0 1 0 1 1 1 1 1 
10 4
8 3
1 2
9 5
5 7
1 1 1 1 1 1 1 1 1 1 
1 1 0 1 1 1 1 1 1 1 
1 1 0 1 1 1 0 1 1 1 
0 1 0 1 1 1 1 0 1 1 
0 0 0 1 1 0 1 0 1 0 
1 1 1 1 1 1 1 0 1 1 
1 1 1 1 1 1 1 1 1 1 
0 0 1 0 1 0 1 1 1 1 
1 1 1 0 1 1 1 1 1 1 
0 0 1 1 1 1 1 0 1 1 
10 2
8 4
1 10
1 0 1 1 0 1 1 1 0 1 
0 0 0 1 0 0 1 0 1 1 
1 1 0 0 1 1 0 0 1 1 
1 1 0 1 1 0 1 1 0 1 
1 1 1 1 0 1 1 1 1 0 
1 1 0 1 0 1 1 0 0 1 
1 1 0 1 1 1 0 1 1 0 
1 1 1 1 0 1 0 1 1 0 
1 0 1 0 1 0 1 1 1 1 
0 1 0 1 0 1 1 1 1 1 
10 4
3 4
4 3
4 5
6 10
1 0 0 1 1 0 0 0 1 0 
1 1 1 1 0 1 1 0 1 0 
1 0 0 1 0 1 1 1 0 1 
1 0 1 0 1 1 1 1 1 0 
0 1 0 0 1 1 1 1 0 0 
1 1 0 0 1 1 1 0 1 1 
1 0 0 1 0 1 0 1 1 0 
1 0 1 1 0 0 1 1 0 0 
1 1 1 1 1 1 1 1 0 1 
1 1 1 1 1 0 0 1 1 1 
10 2
4 6
4 8
0 0 0 1 1 0 0 1 1 1 
1 1 1 0 1 1 1 0 1 0 
1 0 1 1 0 1 1 0 1 0 
1 0 1 1 0 1 1 1 0 0 
1 1 1 1 0 1 1 1 1 1 
0 1 1 0 1 1 0 1 1 1 
1 0 1 0 1 1 1 0 1 1 
0 1 1 0 0 1 1 1 1 1 
0 0 1 0 0 1 0 1 1 0 
1 1 0 0 1 0 1 1 0 0 
10 3
6 6
2 5
6 8
0 1 1 1 1 1 1 0 1 1 
1 1 0 1 1 0 1 1 0 1 
0 1 0 1 0 1 1 0 1 1 
0 0 1 1 0 0 1 1 1 0 
1 1 0 1 1 1 1 0 0 1 
1 1 1 0 0 1 0 1 0 0 
1 0 0 0 0 0 0 1 1 1 
1 1 1 1 0 1 1 1 1 1 
1 1 1 0 1 1 0 1 0 1 
0 1 1 1 0 1 1 1 0 1 
10 4
3 2
6 7
3 9
7 9
0 0 0 1 0 1 0 0 0 1 
0 1 0 1 0 0 1 0 1 1 
0 1 1 1 0 1 0 1 1 0 
1 1 0 1 0 1 1 0 0 1 
0 1 1 1 0 1 1 1 0 1 
1 0 1 1 1 1 1 1 1 1 
0 1 1 0 1 1 1 1 1 1 
0 0 1 1 0 0 1 1 1 1 
1 1 1 1 0 1 1 1 0 1 
1 0 0 1 0 1 0 0 1 0 
10 4
1 7
2 4
9 10
7 2
1 1 0 1 1 0 1 1 1 1 
1 1 0 1 1 1 0 1 1 0 
1 1 0 1 0 1 0 0 1 1 
1 0 1 1 0 1 1 0 0 1 
1 0 0 0 0 0 1 1 1 0 
1 1 0 0 1 0 0 1 1 1 
0 1 1 1 1 1 1 0 1 0 
1 1 1 1 1 0 0 1 0 0 
0 1 0 1 1 0 0 1 0 1 
1 1 1 1 1 0 1 0 0 0 
10 2
2 2
3 6
0 1 1 1 0 1 0 1 1 1 
1 1 1 0 0 1 1 1 1 0 
0 0 0 0 1 1 0 1 1 0 
0 1 0 0 0 1 0 0 1 1 
1 1 1 1 1 1 0 1 0 1 
1 1 1 1 0 1 1 1 0 0 
1 1 0 0 1 1 1 1 1 0 
1 0 1 0 0 0 0 1 1 0 
0 1 0 1 1 1 1 1 1 1 
1 1 1 1 1 0 1 0 1 1 
10 4
1 4
9 5
4 3
1 6
0 0 1 1 1 1 1 1 0 1 
1 1 1 0 0 0 1 0 0 1 
1 1 1 0 1 0 1 0 0 0 
1 1 1 1 1 1 1 1 1 0 
0 1 0 1 0 0 1 1 1 0 
0 1 1 0 1 0 0 1 1 1 
1 1 1 1 1 1 0 0 1 1 
1 0 1 1 1 1 1 1 1 1 
1 1 1 0 1 1 1 1 0 1 
1 1 1 0 1 1 1 1 0 0 
10 2
10 10
10 6
1 1 1 0 1 0 1 1 1 1 
1 0 1 1 1 0 0 0 1 0 
1 1 1 1 0 0 1 1 1 0 
1 1 1 0 0 1 1 1 1 0 
0 1 0 1 0 1 0 0 0 1 
1 1 0 1 1 0 0 1 0 1 
1 0 1 1 1 0 0 0 0 1 
1 0 0 1 1 1 1 1 0 0 
0 1 1 1 1 1 1 0 1 0 
1 1 0 0 1 1 0 1 0 1 
10 3
6 8
9 6
6 5
0 1 0 0 1 1 0 1 0 1 
0 1 0 0 1 1 1 1 0 1 
1 0 1 0 0 1 1 1 1 1 
1 1 0 0 1 1 1 1 0 1 
0 0 1 0 0 0 1 1 1 0 
1 0 1 1 1 1 0 1 1 1 
1 1 1 1 0 0 1 0 1 1 
1 1 1 1 1 0 1 0 1 1 
0 1 0 0 1 1 1 1 0 0 
1 1 1 1 1 1 1 1 1 1 
10 3
9 4
4 2
9 10
1 1 1 0 0 1 0 1 1 0 
1 1 1 1 1 1 1 1 1 1 
1 0 1 1 1 1 1 0 0 0 
0 1 0 1 0 0 1 1 1 1 
1 1 1 1 1 1 1 1 0 1 
0 1 0 0 1 1 1 1 1 1 
1 1 0 0 0 1 1 1 1 0 
1 1 1 1 0 1 1 0 1 1 
0 1 1 1 1 1 1 1 1 1 
0 1 0 1 1 1 1 1 0 0 
12 4
8 4
6 3
12 5
5 7
1 0 1 1 0 1 0 0 0 0 1 1 
1 1 0 0 0 1 1 1 1 0 0 1 
1 0 1 0 0 0 0 1 1 0 1 1 
0 1 0 1 1 1 1 0 1 1 0 1 
0 0 0 1 1 0 1 1 0 1 0 0 
0 1 1 1 1 1 0 0 1 1 0 0 
1 1 1 0 1 1 1 1 0 1 1 0 
1 1 1 1 1 1 1 1 1 1 1 1 
1 1 0 1 1 0 0 1 1 1 1 1 
0 1 0 1 0 1 1 1 1 1 1 1 
1 1 1 1 1 0 1 0 1 0 1 1 
1 0 1 1 1 0 0 1 1 1 1 1 
12 2
6 11
6 12
1 0 0 0 1 1 0 1 1 0 1 1 
1 1 1 1 1 1 0 0 1 1 1 1 
1 1 1 1 1 1 1 1 1 1 0 1 
1 1 0 0 1 0 1 1 0 0 1 0 
0 1 0 1 0 0 0 1 1 0 0 0 
1 0 1 0 1 1 1 1 1 0 1 1 
0 0 1 0 1 0 1 1 1 0 1 0 
1 0 1 0 1 0 0 0 0 0 1 0 
0 0 0 1 1 1 0 0 0 1 0 1 
0 1 1 1 1 1 1 0 0 0 0 1 
1 1 0 0 0 1 1 0 1 0 1 0 
1 1 0 1 0 0 1 0 0 1 1 1 
12 4
11 2
2 7
8 5
12 6
0 0 1 0 1 1 0 0 0 1 1 1 
1 0 1 1 0 0 1 1 0 1 1 1 
1 1 0 1 0 1 0 1 1 1 1 1 
0 1 1 0 1 0 1 1 1 1 0 1 
1 1 1 0 0 0 0 0 0 1 1 1 
1 1 0 1 1 1 1 1 1 1 1 0 
1 1 0 1 1 1 0 1 1 1 0 1 
0 1 0 0 1 1 1 1 1 1 1 0 
1 0 0 1 1 1 0 0 1 1 0 1 
0 0 1 0 1 0 1 1 1 0 1 1 
0 1 1 1 1 1 1 0 1 0 0 0 
1 0 0 0 0 1 1 0 1 1 1 0 
12 4
7 3
11 5
2 10
10 2
0 1 1 1 0 1 1 0 1 1 0 1 
1 0 1 1 1 0 1 1 1 1 0 0 
0 0 1 1 1 0 1 0 1 1 1 1 
1 1 0 1 1 1 0 1 1 1 1 0 
1 1 0 1 0 1 1 1 1 0 1 1 
0 1 0 0 0 0 1 0 1 1 1 0 
0 0 1 1 1 0 1 0 1 0 1 1 
1 1 1 1 0 0 1 1 1 1 1 1 
1 0 1 0 1 0 1 1 0 1 0 0 
0 1 1 1 1 1 1 1 1 0 0 0 
1 1 1 1 1 1 1 1 0 0 0 1 
1 0 1 0 1 0 1 1 0 1 1 1 
12 4
4 3
5 5
11 10
10 10
0 1 0 0 1 1 1 1 1 1 1 0 
1 1 1 0 1 1 0 1 1 1 0 0 
1 1 0 1 0 1 1 0 1 1 1 1 
0 0 1 1 0 1 1 1 1 0 1 1 
0 1 1 1 1 0 0 1 0 1 1 1 
1 1 1 0 1 0 0 0 0 0 0 0 
1 1 1 0 1 1 1 1 1 0 1 0 
1 1 1 0 1 1 1 0 1 1 0 1 
1 1 1 0 1 0 1 1 0 0 1 0 
1 1 1 1 1 1 1 1 0 1 0 1 
0 0 1 1 1 1 1 1 0 1 1 1 
1 0 0 1 1 0 1 1 1 0 1 1 
12 2
11 10
3 6
1 1 1 0 0 1 1 0 0 1 0 0 
1 1 0 1 1 1 0 1 1 1 1 1 
1 0 1 0 0 1 1 0 1 1 1 1 
1 1 1 1 0 1 1 1 1 1 0 0 
1 1 1 1 1 1 1 0 1 0 1 1 
0 1 1 1 0 1 1 1 1 1 1 1 
1 1 1 1 1 1 0 1 0 1 1 0 
1 1 0 1 1 0 0 1 0 1 1 1 
1 1 0 1 0 1 1 1 1 1 0 0 
1 1 0 0 1 0 1 1 1 1 1 0 
1 0 1 0 1 0 0 0 0 1 1 1 
1 1 0 1 1 1 0 1 1 1 0 1 
12 2
2 11
1 7
0 1 1 1 1 1 1 0 0 1 1 1 
1 1 0 0 1 0 1 0 1 1 1 1 
1 0 1 0 1 1 0 1 0 1 0 1 
1 1 0 1 0 1 0 0 1 1 1 1 
0 1 0 1 1 1 1 0 1 0 1 0 
1 1 1 1 1 1 1 1 0 0 1 0 
1 1 1 1 0 1 1 1 1 0 0 0 
1 1 0 1 0 0 0 1 1 1 0 1 
1 1 1 0 1 0 0 0 1 1 0 0 
1 1 0 1 0 0 1 1 1 1 1 0 
0 1 0 0 1 1 1 1 1 0 1 1 
1 1 0 1 1 1 0 0 1 1 0 0 
12 2
3 9
9 8
1 1 1 1 1 1 1 1 0 1 1 1 
1 1 1 1 1 0 1 1 0 0 1 1 
1 0 1 0 1 0 1 1 1 0 1 1 
0 1 1 1 1 0 1 1 0 1 1 0 
1 0 0 0 0 1 0 0 1 1 1 1 
0 1 1 1 1 1 1 0 0 0 1 1 
1 0 0 1 1 1 1 1 0 0 1 0 
1 1 1 0 1 0 0 0 1 1 1 1 
1 1 1 1 0 0 0 1 1 1 1 0 
1 1 0 1 1 0 0 1 0 1 0 0 
0 1 1 1 0 1 0 1 0 0 1 1 
0 0 0 1 1 1 1 0 0 1 1 0 
12 3
5 2
12 7
10 10
1 1 1 1 1 1 1 1 1 1 1 0 
1 1 0 1 1 1 0 1 0 0 0 1 
1 0 1 1 0 1 1 0 1 0 1 1 
0 1 1 0 1 1 0 1 1 1 1 1 
1 1 1 1 1 0 0 1 1 1 0 1 
1 0 1 1 1 0 1 0 1 0 1 1 
0 0 1 1 0 1 1 0 1 1 1 0 
0 0 0 1 0 1 0 1 1 0 1 1 
1 1 1 1 1 1 1 1 0 1 1 1 
1 0 0 1 0 0 0 1 0 1 1 1 
1 0 1 0 1 0 1 1 1 1 1 1 
0 0 1 1 0 1 1 0 0 0 0 1 
12 2
8 3
8 9
1 1 0 0 1 0 0 1 0 1 1 0 
0 0 1 1 0 0 0 1 1 1 0 0 
1 1 0 1 1 1 0 0 0 0 0 0 
1 1 1 0 0 0 0 1 1 1 1 1 
1 1 1 1 1 1 1 1 1 1 1 1 
1 1 1 0 1 1 0 0 1 0 1 1 
0 1 1 1 1 0 1 0 1 0 1 0 
1 0 1 1 1 1 1 1 1 0 0 0 
1 1 1 1 0 1 0 1 0 1 1 0 
1 1 1 1 1 1 0 0 1 0 0 1 
1 1 0 1 0 0 0 0 1 1 0 1 
1 1 0 1 0 1 1 1 0 1 0 0 
15 2
7 14
1 13
1 1 1 0 1 1 1 1 1 0 1 1 1 1 1 
1 0 0 1 1 0 1 1 1 0 1 1 1 1 1 
1 1 1 0 0 1 1 1 1 0 0 1 1 1 0 
0 1 1 0 1 0 1 0 1 1 0 1 1 1 1 
0 1 0 1 1 1 1 0 1 1 1 0 1 0 1 
1 0 1 1 1 1 1 1 0 0 1 0 0 0 1 
0 1 0 0 1 0 1 1 1 0 1 1 1 1 1 
0 1 0 0 1 0 1 1 1 0 0 1 0 0 1 
1 1 1 0 1 1 1 1 1 1 0 1 1 1 0 
0 1 1 1 0 1 1 1 1 1 1 1 1 1 1 
1 1 1 0 1 0 1 1 1 0 1 1 0 1 0 
1 1 0 0 0 0 1 1 0 1 1 1 1 0 1 
1 1 0 1 0 1 1 1 0 1 1 1 0 0 1 
0 0 1 1 1 1 0 1 0 0 0 1 1 1 0 
0 1 1 1 1 1 1 0 1 0 0 1 1 0 0 
15 4
15 3
3 9
1 8
5 2
1 0 1 0 1 1 0 1 1 1 0 1 0 1 1 
1 1 0 0 0 1 1 1 1 0 1 0 1 1 1 
0 1 1 1 1 0 1 0 1 1 0 1 0 0 1 
1 1 0 1 1 1 1 1 1 1 1 0 1 1 1 
0 1 1 0 1 1 1 0 0 1 0 0 1 0 0 
1 1 1 1 1 0 1 0 0 0 1 1 0 1 1 
1 0 0 0 1 1 1 0 1 1 1 0 1 1 1 
1 1 0 1 1 0 1 1 1 1 0 1 1 0 1 
1 1 1 1 0 1 1 1 1 1 1 1 1 1 1 
1 1 0 1 0 1 1 1 1 0 1 1 1 0 0 
0 1 0 1 1 0 1 0 0 1 1 1 1 1 0 
0 1 1 1 1 1 1 1 1 1 1 1 1 0 0 
1 0 1 0 0 1 1 1 1 0 1 0 0 0 1 
1 0 1 1 1 1 1 1 1 0 0 0 1 0 0 
1 1 1 0 1 1 0 1 0 0 1 1 0 1 0 
15 4
2 8
14 14
5 8
3 4
1 1 1 0 0 1 0 1 1 1 1 0 1 1 1 
1 1 1 1 1 1 1 1 1 1 1 1 1 0 1 
1 0 1 1 0 1 1 0 1 0 0 0 1 1 1 
1 1 1 1 1 1 1 1 0 0 0 1 1 1 1 
1 1 0 0 1 0 1 1 1 0 0 1 1 0 1 
0 1 1 1 1 0 1 1 1 1 1 1 1 1 1 
0 1 0 1 1 1 0 1 0 0 1 0 0 1 1 
1 0 0 1 1 1 0 0 1 0 1 0 1 0 0 
1 1 1 0 1 1 1 1 1 1 0 1 0 1 1 
0 0 0 1 1 0 1 1 1 1 1 0 1 1 1 
0 0 0 1 1 1 1 1 1 1 1 1 1 1 1 
1 1 0 1 1 0 1 1 0 1 1 1 1 1 1 
0 1 0 1 1 1 1 0 1 0 1 1 1 1 1 
1 1 0 0 0 1 1 0 1 1 0 0 0 1 0 
1 1 1 0 0 1 1 0 1 1 1 1 1 0 1 
15 3
11 15
12 3
9 2
0 1 1 1 0 1 1 0 1 0 1 1 1 1 1 
0 1 0 0 0 0 1 0 1 1 0 1 0 0 1 
1 1 1 1 1 0 0 0 1 1 1 0 1 1 0 
1 0 1 1 1 1 1 0 1 1 1 1 1 1 1 
1 0 1 0 1 1 0 0 0 1 1 1 1 0 1 
0 1 1 0 0 0 0 1 1 1 1 1 0 0 0 
0 1 0 1 1 1 0 1 1 1 1 0 1 1 1 
1 1 1 1 1 1 1 0 1 1 1 1 1 0 1 
0 1 1 1 0 1 1 1 1 0 1 1 0 1 1 
1 1 1 1 1 1 0 1 1 1 1 1 0 1 0 
0 0 1 0 1 1 0 1 0 1 1 0 0 1 1 
1 0 1 0 1 1 0 1 1 0 1 1 0 1 1 
1 1 1 1 1 0 1 0 0 0 1 0 1 1 1 
1 0 1 0 1 1 1 1 0 1 1 0 1 0 0 
0 1 0 0 1 1 0 1 0 0 0 0 1 1 1 
15 3
2 2
1 7
3 13
1 1 1 0 1 1 1 1 1 0 1 1 1 1 1 
1 1 0 0 0 1 0 1 1 0 1 1 0 1 1 
0 1 0 1 1 1 1 1 1 0 1 0 1 1 0 
1 0 1 1 1 1 0 1 1 1 1 1 1 0 1 
0 1 0 1 0 0 1 0 0 0 1 1 1 0 1 
0 0 0 0 1 1 1 1 1 0 1 1 1 1 1 
1 1 1 1 1 1 1 0 1 1 1 0 1 1 1 
1 1 1 1 1 0 0 1 0 1 1 1 1 0 1 
1 1 1 0 1 1 0 1 0 1 1 0 1 0 1 
1 1 1 1 1 0 0 1 1 0 0 0 1 0 0 
1 1 1 0 1 1 1 1 1 1 1 1 0 0 0 
0 1 1 1 1 0 1 0 0 1 0 1 1 0 1 
1 0 1 0 1 1 1 1 1 1 1 0 0 0 0 
0 1 0 0 1 0 1 1 1 1 1 0 0 0 0 
1 0 1 1 1 1 1 1 1 0 1 0 1 0 1 
15 4
6 8
11 2
11 5
12 12
0 1 0 1 1 1 0 1 1 0 0 1 1 1 1 
0 0 1 0 1 1 0 1 1 1 1 1 1 1 1 
1 1 1 0 1 0 1 0 1 1 1 1 1 1 0 
1 1 1 1 1 1 0 1 1 1 1 1 0 1 1 
1 1 1 0 0 1 0 1 0 1 1 1 0 1 1 
0 1 1 1 1 1 1 1 1 1 0 1 1 1 1 
0 1 1 0 1 1 0 0 1 0 0 1 1 0 1 
1 1 1 1 1 1 1 0 0 1 1 1 1 1 0 
1 0 0 0 1 1 0 0 0 1 0 1 0 0 0 
1 0 1 0 1 0 1 0 1 1 0 0 0 1 1 
0 1 1 1 1 1 0 1 1 1 1 1 1 1 1 
1 1 1 0 1 0 1 1 1 1 1 1 1 1 1 
1 1 1 1 0 1 0 1 1 0 1 1 1 1 1 
0 0 1 0 0 1 1 0 1 1 1 1 1 0 1 
1 1 1 1 1 1 1 1 1 0 1 0 1 1 1 
15 4
6 10
4 15
15 8
2 9
1 1 0 1 0 1 1 1 0 1 1 0 1 1 1 
1 1 1 0 0 1 1 0 1 0 1 0 1 1 0 
1 0 1 1 0 1 1 1 1 0 0 0 1 0 0 
1 0 0 1 1 1 1 1 0 0 1 1 1 1 1 
1 1 1 1 1 1 0 0 1 0 0 1 1 0 1 
1 0 1 1 1 0 1 1 0 1 1 0 0 1 0 
0 0 0 1 1 1 1 0 0 1 0 0 0 1 1 
0 1 1 1 1 0 0 1 1 1 1 1 1 0 1 
1 0 1 1 0 0 1 0 0 1 1 0 0 1 0 
1 1 1 0 1 0 1 1 0 0 1 0 1 1 1 
1 1 1 0 1 1 1 0 1 1 0 1 1 1 1 
0 1 1 1 1 1 1 1 0 1 1 1 1 0 1 
1 1 0 0 0 1 0 1 1 1 1 1 1 1 1 
0 1 1 0 1 0 1 1 0 1 0 1 1 1 1 
0 0 1 1 1 0 1 1 1 0 0 1 1 0 1 
15 3
3 9
7 13
11 5
1 0 0 1 1 0 0 1 1 0 1 1 1 1 1 
1 1 0 0 0 1 1 1 1 0 0 1 1 0 1 
0 0 1 0 1 1 1 1 1 1 1 1 0 0 1 
1 1 1 0 1 1 0 1 0 1 0 1 0 1 1 
0 1 0 1 1 0 1 1 1 1 1 1 1 0 0 
1 0 1 0 1 1 1 1 0 1 0 1 0 1 0 
1 0 1 0 1 1 1 1 1 1 1 1 1 0 1 
1 1 0 1 1 0 1 1 0 1 1 1 1 1 0 
0 1 1 1 1 1 1 0 1 1 1 1 0 1 1 
0 1 1 0 0 0 1 0 0 1 0 0 1 1 1 
1 0 1 1 1 1 0 1 1 0 1 0 1 1 1 
1 1 0 1 0 1 1 0 1 1 1 1 1 0 0 
0 1 0 1 1 0 1 1 1 1 1 1 0 0 0 
1 1 0 0 1 0 1 1 1 1 1 0 1 1 1 
1 0 0 1 1 1 0 1 0 1 1 1 1 1 0 
15 2
7 11
10 8
1 0 1 1 1 1 0 0 1 0 1 1 0 1 1 
1 1 0 1 0 1 1 0 1 1 0 0 0 1 1 
1 0 0 1 1 1 0 1 0 1 0 1 0 1 1 
1 0 1 1 0 0 1 0 1 1 0 1 0 1 0 
1 1 1 0 1 1 0 1 1 1 1 1 1 1 0 
1 1 1 0 1 0 1 1 1 1 1 0 1 1 1 
1 1 1 1 1 1 1 0 1 1 1 1 0 1 0 
1 1 1 1 0 1 1 0 1 1 1 0 1 0 1 
1 1 1 1 1 1 0 1 1 1 1 1 1 0 1 
0 0 0 0 1 1 1 1 1 1 1 0 0 0 0 
1 1 1 1 1 0 1 1 0 0 1 0 1 0 0 
0 1 1 0 1 1 1 1 0 1 1 0 1 1 0 
1 1 0 1 1 1 0 1 1 0 0 1 1 1 0 
1 1 1 1 1 1 1 0 1 1 1 1 1 1 1 
0 1 1 1 1 0 0 0 1 1 1 1 1 1 1 
15 3
12 8
6 8
10 13
1 1 1 1 1 0 1 1 1 1 1 1 1 1 0 
0 0 1 1 1 1 1 1 1 1 1 1 1 1 1 
1 1 1 1 0 1 1 1 0 0 1 1 0 1 1 
1 0 1 1 0 1 0 1 0 0 1 0 1 1 1 
1 1 0 0 1 1 0 1 0 0 0 0 1 1 1 
1 1 0 1 0 1 1 1 0 0 0 1 0 1 1 
1 0 1 1 1 1 1 1 1 0 1 1 0 1 0 
0 1 1 0 1 0 0 0 0 0 0 0 0 0 1 
1 1 1 1 0 1 0 1 1 1 1 1 1 1 0 
1 1 1 1 1 1 1 1 0 1 0 1 1 0 1 
1 0 1 0 1 1 1 1 1 1 1 1 1 0 1 
1 1 1 1 1 0 1 1 1 1 0 1 1 1 1 
1 1 1 0 1 0 1 1 1 1 0 1 0 0 1 
1 1 1 1 1 1 1 1 1 0 0 1 1 1 1 
1 0 1 1 0 1 0 0 0 1 0 0 1 1 1 
20 2
5 14
18 17
0 1 1 1 0 1 0 1 0 0 0 1 1 1 1 1 1 0 1 1 
1 0 1 1 1 1 1 1 1 0 0 0 1 0 0 1 1 0 0 0 
1 1 1 1 1 0 0 0 1 1 0 0 0 0 1 1 0 0 0 0 
1 0 0 1 1 0 0 1 0 1 1 0 0 0 0 1 1 1 1 1 
1 1 0 0 1 1 1 0 0 1 1 1 0 1 0 1 1 1 1 1 
1 0 1 1 1 0 1 0 1 0 1 1 1 0 1 1 1 0 1 1 
0 0 1 0 1 1 1 1 1 0 0 1 1 0 1 1 1 0 1 1 
1 1 1 1 1 1 0 1 1 1 1 1 1 1 1 0 1 1 1 1 
1 0 0 0 1 0 1 1 1 1 1 0 0 1 1 1 1 1 0 1 
1 1 0 0 1 0 1 1 0 1 1 1 1 1 1 1 0 1 1 1 
1 1 1 1 0 0 1 0 0 1 1 1 0 1 1 0 0 0 0 1 
1 1 1 1 1 0 1 1 0 1 1 1 1 1 0 1 1 1 1 1 
1 1 1 0 0 1 0 1 1 1 0 0 1 1 1 1 0 1 0 1 
1 1 1 0 1 1 1 1 0 0 0 1 0 1 1 1 1 1 0 1 
1 1 1 0 1 1 0 1 1 0 0 1 1 0 0 1 0 1 0 0 
1 0 1 0 0 1 1 1 1 1 1 1 1 1 1 1 1 0 1 0 
1 1 0 0 1 1 0 1 1 0 0 1 0 0 0 1 1 0 1 0 
1 1 0 0 1 1 1 1 1 1 0 1 1 0 1 0 1 1 1 0 
0 1 0 1 0 0 0 1 0 0 1 0 1 1 0 0 0 1 1 1 
0 0 1 0 0 1 1 0 1 0 1 1 0 1 0 1 0 0 1 0 
20 3
12 4
20 4
17 2
1 0 1 1 1 1 1 1 1 1 0 0 0 0 0 1 1 1 1 0 
1 0 0 0 1 1 1 1 1 1 0 0 1 0 1 1 1 1 1 1 
1 1 1 1 0 1 1 1 0 1 1 0 0 0 1 0 0 1 1 0 
0 1 1 0 1 1 0 1 1 1 0 1 1 1 1 1 1 1 0 1 
1 0 0 1 1 1 1 1 1 1 1 0 0 1 0 0 0 0 1 0 
1 0 0 1 1 1 1 1 1 1 0 0 1 0 1 0 0 0 1 0 
1 1 0 0 1 1 0 0 1 1 1 1 1 1 0 1 0 0 1 1 
1 1 0 1 1 1 0 1 1 1 0 1 1 1 0 1 1 1 0 1 
1 0 1 1 1 1 1 0 1 0 1 1 0 1 1 1 1 0 1 1 
1 0 0 0 1 1 1 1 1 1 0 0 1 1 0 1 1 1 1 1 
1 1 0 0 0 0 1 0 1 1 1 1 1 0 1 0 0 1 0 0 
0 1 1 1 1 0 1 1 1 1 0 1 1 1 1 0 1 0 0 1 
1 1 0 1 1 0 1 0 0 1 1 1 1 0 1 1 1 0 0 1 
0 1 1 0 0 1 0 1 1 0 1 0 1 0 1 1 1 0 0 1 
0 1 1 1 1 1 1 1 0 1 1 1 0 1 1 1 0 1 0 1 
1 1 1 1 1 0 1 0 1 1 0 0 0 1 1 1 1 1 1 0 
0 1 0 1 1 1 0 0 0 1 1 1 1 0 0 1 0 1 0 1 
0 1 1 1 0 1 1 1 1 1 0 1 1 1 0 1 0 1 1 0 
0 1 0 0 1 1 0 0 0 1 1 1 1 1 0 1 0 1 0 0 
1 0 1 1 1 1 1 0 0 1 0 1 1 1 1 0 1 0 1 1 
20 2
18 14
8 13
0 0 0 0 1 1 0 0 0 1 1 0 0 1 1 1 1 1 0 1 
0 1 1 0 1 1 1 1 1 1 1 0 1 0 0 1 1 1 1 1 
0 1 1 1 1 1 1 0 1 1 1 1 1 1 1 1 1 0 1 1 
1 1 0 1 0 1 0 1 1 1 1 1 1 0 1 0 0 1 0 1 
1 1 0 0 1 0 1 1 1 1 1 0 0 0 0 0 1 0 1 0 
1 1 0 1 0 1 0 1 0 1 1 1 1 1 1 1 0 1 0 1 
1 0 1 1 1 0 1 0 1 1 1 0 1 1 1 0 0 1 0 0 
1 1 1 1 0 0 1 1 1 1 1 1 1 1 1 1 1 0 1 0 
1 0 0 1 1 1 1 1 1 0 0 1 0 0 1 1 0 0 1 1 
1 1 1 1 1 1 1 0 1 0 1 0 1 1 1 0 1 0 1 1 
1 1 1 1 1 0 0 1 0 1 1 0 1 0 0 0 1 0 1 1 
0 0 1 1 0 1 1 1 1 1 0 0 0 1 0 1 1 0 1 1 
0 0 1 0 0 1 1 1 1 0 0 1 1 0 1 1 1 0 0 0 
0 1 0 1 0 0 0 1 0 1 1 1 1 1 1 0 1 0 0 0 
0 0 0 1 0 1 1 0 0 1 0 0 1 1 1 1 1 1 1 1 
0 1 1 0 1 1 1 0 1 1 1 1 0 1 1 1 1 0 0 1 
1 1 0 1 1 0 1 1 0 0 1 1 1 1 0 0 1 1 1 1 
1 1 1 1 1 1 1 1 1 1 1 1 0 1 0 1 1 1 1 0 
1 1 1 1 0 0 1 1 1 0 1 1 1 0 1 0 1 0 0 0 
1 1 1 1 0 1 0 1 0 0 1 1 1 1 0 1 1 1 0 0 
20 2
6 16
16 6
1 1 1 1 1 0 1 1 1 1 1 0 1 0 1 0 1 1 1 0 
1 1 0 1 1 0 0 0 1 1 1 1 1 0 1 0 1 1 1 0 
1 1 1 0 1 0 0 1 1 0 1 1 1 1 1 0 0 0 1 1 
1 1 1 1 1 1 0 0 0 1 1 1 1 0 1 0 1 0 1 1 
1 1 1 0 1 1 1 1 1 0 1 1 0 0 1 0 0 1 1 1 
0 1 0 0 0 1 1 1 1 1 1 1 1 1 0 1 0 0 0 1 
1 0 1 0 0 1 1 1 1 0 1 1 1 1 0 1 1 1 1 0 
0 1 1 1 1 1 1 1 1 1 0 1 1 1 1 1 1 1 1 0 
1 1 1 0 1 1 1 0 0 1 1 0 1 1 1 0 1 1 0 1 
1 1 1 1 1 1 0 0 1 1 1 1 1 1 1 1 1 1 1 1 
1 0 1 0 0 1 1 0 1 1 0 1 0 0 0 0 1 1 1 0 
1 1 1 1 1 1 0 1 0 0 1 1 1 1 1 0 0 1 1 1 
1 1 0 1 1 1 1 1 1 1 1 1 0 1 1 1 1 1 0 1 
1 1 1 0 1 0 1 1 0 0 1 0 1 0 0 1 1 0 0 1 
0 1 1 0 1 0 1 0 1 1 1 0 0 1 1 1 0 1 1 0 
0 1 0 0 1 1 1 1 0 0 1 1 1 0 0 0 0 0 1 0 
1 1 1 1 0 1 1 1 1 1 1 1 0 0 1 1 1 0 1 1 
1 1 0 1 1 1 1 1 0 1 0 1 0 0 1 1 1 1 0 1 
1 1 1 0 1 0 1 0 1 0 0 1 1 1 0 1 1 1 0 1 
1 0 1 0 1 1 1 1 0 1 1 1 0 0 1 0 1 1 1 1 
20 4
20 13
15 16
13 9
3 9
0 1 1 1 1 0 1 1 1 0 1 1 0 1 1 1 1 1 0 1 
1 0 1 1 0 1 1 0 1 1 1 1 1 1 1 1 1 1 0 1 
0 1 1 1 0 0 1 0 1 1 1 0 1 1 1 0 1 1 1 1 
1 1 0 1 0 1 1 1 1 1 0 1 0 1 1 1 1 1 0 1 
1 1 1 1 0 0 1 1 1 1 0 1 1 0 1 0 0 1 1 1 
1 1 1 1 1 0 1 0 0 1 1 0 1 1 1 1 1 0 1 0 
1 0 1 1 1 0 0 0 1 1 0 1 0 0 1 0 0 0 1 0 
1 1 0 1 1 1 1 0 1 1 1 1 1 1 0 0 1 0 1 0 
1 1 1 1 1 1 1 0 0 1 0 1 1 1 1 1 1 0 1 1 
1 0 1 1 1 1 1 1 0 0 0 1 1 0 0 0 1 1 1 0 
0 1 1 1 1 0 1 0 1 0 1 1 1 1 1 0 1 1 0 1 
0 1 0 0 1 0 1 0 1 1 1 1 1 0 1 0 1 1 1 1 
0 0 1 1 0 1 1 1 1 1 1 1 1 0 1 1 1 0 1 1 
0 1 1 1 0 0 0 1 0 0 1 1 1 1 1 1 1 1 0 0 
1 0 1 1 0 0 1 0 1 1 1 0 1 0 0 1 1 1 1 1 
0 1 0 1 0 0 1 1 0 1 1 1 1 1 1 0 0 1 1 1 
0 1 0 1 1 0 1 1 0 1 0 0 1 0 1 0 1 0 1 1 
0 0 0 0 1 0 1 1 1 1 0 1 1 0 1 1 1 0 1 0 
1 1 1 1 1 1 1 0 1 0 0 1 0 1 1 1 1 1 0 1 
0 0 1 1 0 0 1 1 1 1 1 0 1 0 1 1 1 0 0 1 
20 3
18 2
18 11
11 16
1 1 1 0 1 1 1 1 1 0 0 1 1 1 1 0 1 1 0 1 
0 0 0 1 0 1 0 0 1 1 0 1 1 0 1 1 1 1 0 1 
1 0 1 1 1 1 1 0 1 0 0 0 0 0 1 1 1 1 0 1 
0 1 0 1 1 1 1 1 1 0 1 0 1 0 1 0 1 0 0 0 
1 1 1 1 1 1 0 1 0 0 1 0 0 0 1 1 0 1 0 1 
1 0 0 1 0 1 1 1 0 0 1 0 1 1 1 1 1 1 1 0 
1 1 0 0 1 0 1 1 0 1 1 0 1 1 1 1 1 0 1 0 
0 0 1 0 1 0 0 0 1 1 1 1 0 1 0 1 1 1 1 1 
0 1 0 0 1 1 1 0 0 0 1 1 1 1 1 1 1 0 1 0 
1 1 1 0 0 1 0 1 1 1 0 1 1 1 0 1 0 1 1 1 
1 1 1 1 1 0 1 1 1 0 0 1 1 1 0 1 1 0 1 1 
0 1 1 1 0 1 1 1 1 0 0 0 1 1 0 0 1 0 1 1 
0 1 1 0 0 0 1 1 1 1 1 1 1 0 1 1 0 1 1 0 
0 0 0 0 1 1 1 1 0 0 1 0 1 0 0 1 0 1 0 0 
1 0 1 1 0 1 0 1 0 1 1 0 1 1 1 0 0 1 1 0 
1 0 1 1 1 1 1 0 1 1 0 1 1 0 0 0 1 1 1 1 
0 0 1 1 0 0 0 1 0 1 1 1 1 1 0 1 1 1 0 1 
0 1 0 0 1 0 0 1 0 1 1 1 1 1 1 1 1 1 1 0 
1 1 0 1 1 1 0 0 1 1 0 0 1 1 0 0 0 1 1 1 
0 1 1 1 1 1 1 1 0 1 0 1 1 0 0 0 1 1 1 1 
20 3
8 4
5 10
9 14
1 1 0 1 0 1 1 1 1 1 1 0 0 1 1 0 0 1 1 1 
0 1 0 1 1 0 1 1 1 1 0 1 1 1 1 1 1 1 1 1 
1 1 0 1 1 1 0 0 1 0 1 0 1 1 1 1 1 1 0 1 
0 1 0 1 1 0 0 1 1 1 0 1 1 0 1 1 0 1 0 0 
1 1 0 1 0 1 1 1 1 1 1 1 0 1 1 1 1 1 1 0 
1 0 1 1 1 0 1 1 1 1 0 1 0 1 0 1 1 1 1 0 
0 1 0 0 0 1 1 1 1 1 1 0 0 1 0 0 1 1 1 0 
1 1 1 1 1 1 0 1 1 1 1 1 1 1 1 0 1 1 0 1 
0 1 1 0 0 1 0 0 1 1 1 1 1 1 1 1 1 0 0 0 
0 0 0 1 0 1 0 1 1 1 1 1 1 0 0 1 1 1 1 1 
1 1 1 1 0 0 0 1 1 1 0 1 1 0 1 1 1 1 1 1 
0 1 1 0 1 1 1 0 1 1 0 0 1 1 1 0 0 1 0 0 
1 0 1 1 1 1 1 0 1 1 0 0 1 1 1 1 1 0 0 1 
1 1 1 0 1 1 0 0 1 1 1 0 1 0 1 1 0 1 0 1 
1 0 1 1 0 0 1 1 0 1 1 0 0 0 1 1 1 0 1 1 
0 0 1 1 0 1 1 1 1 0 1 1 1 0 0 1 0 1 0 1 
1 1 0 1 1 1 1 1 0 1 1 1 1 1 1 1 0 1 1 1 
1 1 1 0 1 1 1 1 1 1 0 1 1 1 0 1 1 0 1 1 
0 1 0 1 0 1 0 1 0 1 0 1 1 0 1 0 1 1 1 1 
0 1 0 0 0 1 1 1 1 1 1 0 1 1 0 1 1 1 1 1 
20 2
9 4
1 10
1 0 1 0 1 1 0 0 0 1 0 1 0 0 1 1 1 1 1 0 
1 1 1 1 1 1 1 1 1 0 0 1 0 1 0 1 1 1 1 1 
1 1 1 0 1 1 1 1 1 1 1 0 1 1 1 1 0 1 0 1 
1 1 0 1 0 1 1 1 1 1 0 1 0 0 1 1 0 0 0 1 
1 1 1 0 1 1 1 0 0 1 1 0 1 1 1 1 1 1 1 0 
1 1 1 0 0 1 1 0 1 1 1 1 1 1 1 0 1 1 1 1 
1 1 1 1 1 0 0 0 1 1 0 0 1 1 1 1 1 0 1 0 
0 1 1 0 1 1 0 0 1 1 1 0 1 0 0 1 1 0 1 1 
1 0 0 1 0 1 0 0 1 0 1 1 1 1 1 1 1 0 1 0 
1 1 1 0 1 1 1 1 1 1 0 0 0 1 1 0 1 1 1 1 
1 1 1 1 1 1 0 1 0 1 1 1 1 1 1 0 1 1 1 1 
0 0 0 1 0 0 1 1 1 0 0 0 0 0 1 0 0 1 1 0 
1 1 0 1 1 1 1 0 0 0 1 1 1 1 0 1 1 1 1 0 
1 1 0 1 1 0 1 1 1 1 0 0 1 1 1 1 1 1 1 0 
1 1 0 0 0 1 0 0 1 1 1 0 0 1 0 1 1 0 1 0 
1 1 1 1 1 1 0 0 0 1 1 1 1 1 1 1 1 1 1 1 
1 0 1 1 0 1 1 1 1 0 1 1 1 0 0 0 0 0 0 1 
1 1 0 1 1 1 1 1 1 1 1 1 1 0 1 0 1 0 1 1 
1 1 1 0 1 1 0 0 1 1 1 1 1 1 1 1 1 0 1 1 
0 1 0 0 1 0 1 1 0 1 1 1 0 0 0 0 0 0 1 0 
20 4
2 10
12 6
8 17
1 3
1 0 1 1 1 0 0 1 0 1 1 0 0 0 0 0 1 1 1 0 
0 0 0 0 1 1 1 1 0 1 1 1 0 1 1 0 1 1 0 1 
0 0 1 1 1 1 1 1 0 0 1 1 1 1 1 1 0 1 1 0 
1 1 1 1 0 1 1 1 1 0 1 0 1 0 1 0 1 0 1 0 
0 1 1 1 1 1 1 1 1 0 1 1 0 1 1 1 1 0 1 1 
1 1 1 1 1 0 1 1 1 1 1 1 1 1 1 1 1 1 1 1 
0 1 0 1 0 1 1 1 1 1 1 0 0 1 1 0 1 1 1 1 
1 1 0 1 1 1 1 1 1 0 1 1 0 0 1 1 1 0 1 1 
1 0 0 1 1 1 1 0 1 1 1 1 1 1 1 1 1 1 1 1 
1 1 0 1 0 0 1 0 1 0 1 1 0 0 1 1 1 0 1 1 
1 1 1 1 1 1 1 1 0 1 1 1 0 1 1 1 0 0 1 0 
1 0 1 0 1 1 1 0 1 0 1 1 1 0 1 1 1 1 0 0 
0 1 0 1 0 1 1 0 1 0 0 0 1 0 1 0 1 0 1 1 
1 1 1 0 1 1 1 1 1 1 0 0 0 1 1 0 1 1 1 1 
1 1 1 0 1 1 1 1 0 1 0 1 1 1 1 0 0 1 0 1 
1 0 1 0 1 1 1 1 1 1 1 0 0 1 0 1 0 1 1 0 
1 0 0 0 1 1 1 1 0 0 1 1 1 0 1 1 1 1 0 1 
1 1 1 1 0 1 1 1 1 0 1 1 1 0 0 1 1 0 0 1 
1 1 1 0 1 1 1 1 1 0 0 1 0 0 1 0 0 1 1 1 
1 1 1 1 1 0 1 0 1 1 0 1 0 1 1 0 1 1 1 1 
20 2
17 2
20 20
0 0 1 0 1 0 0 1 0 1 1 1 1 1 1 0 1 1 0 1 
1 0 1 1 0 1 0 1 1 0 1 1 1 0 1 1 0 1 0 1 
0 1 1 1 1 0 1 1 0 1 0 0 0 1 0 0 1 1 1 0 
1 1 1 1 0 1 1 0 1 1 1 1 1 1 1 1 1 1 1 0 
0 0 1 1 0 1 1 1 0 0 1 1 1 1 1 0 0 1 1 1 
1 0 0 1 0 1 0 0 1 0 1 0 0 1 1 1 1 0 0 1 
1 1 1 1 1 1 0 1 1 1 1 1 0 0 1 1 0 1 0 1 
1 1 1 0 0 1 0 1 1 1 1 1 1 1 0 1 1 0 0 1 
1 0 1 0 1 0 0 1 0 0 1 0 1 1 1 1 1 1 0 0 
1 1 0 0 0 1 1 1 1 1 1 0 1 0 1 0 0 0 1 1 
1 1 1 1 0 1 0 1 1 1 1 1 1 0 1 1 1 0 1 0 
0 0 0 0 1 1 1 0 1 1 1 1 1 1 1 1 0 0 1 1 
1 1 0 0 1 1 1 1 0 1 1 0 0 1 0 1 1 1 0 0 
0 0 1 1 1 1 1 0 1 1 0 1 1 0 1 0 0 1 1 0 
1 1 0 1 1 1 1 0 1 0 1 1 1 1 1 0 0 0 1 0 
1 0 1 0 1 0 1 1 1 1 0 1 1 1 0 0 0 1 1 0 
0 1 0 0 0 0 1 1 1 1 1 0 1 1 0 0 1 1 0 0 
0 0 1 1 1 1 1 1 0 1 1 1 1 0 1 1 1 1 0 0 
0 1 1 1 1 1 0 1 1 0 0 0 1 0 1 0 1 1 0 0 
0 0 0 1 1 0 0 1 1 0 0 0 0 0 1 0 1 1 1 1
